%YAML:1.0

cam0:
  T_imu_cam: #rotation from camera to IMU R_CtoI, position of camera in IMU p_CinI
    - [-0.01916508, -0.01496218,  0.99970437,  0.00519443]
    - [0.99974371,  0.01176483,  0.01934191,  0.1347802]
    - [-0.01205075,  0.99981884,  0.01473287,  0.01465067]
    - [0.0, 0.0, 0.0, 1.0]
  cam_overlaps: [1]
  camera_model: pinhole
  distortion_coeffs: [-0.300267420221178, 0.090544063693053, 3.330220891093334e-05, 8.989607188457415e-05]
  distortion_model: radtan
  intrinsics: [4.313364265799752e+02, 4.327527965378035e+02, 3.548956286992647e+02, 2.325508916495161e+02] #fu, fv, cu, cv
  resolution: [752, 480]
  rostopic: /right/image_raw
cam1:
  T_imu_cam: #rotation from camera to IMU R_CtoI, position of camera in IMU p_CinI
    - [0.02183084, -0.01312053,  0.99967558,  0.00552943]
    - [0.99975965,  0.00230088, -0.02180248, -0.12431302]
    - [-0.00201407,  0.99991127,  0.01316761,  0.01614686]
    - [0.0, 0.0, 0.0, 1.0]
  cam_overlaps: [0]
  camera_model: pinhole
  distortion_coeffs: [-0.288105327549552, 0.074578284234601, 7.784489598138802e-04, -2.277853975035461e-04]
  distortion_model: radtan
  intrinsics: [4.250258563372763e+02, 4.267976260903337e+02, 3.860151866550880e+02, 2.419130336743440e+02] #fu, fv, cu, cv
  resolution: [752, 480]
  rostopic: /left/image_raw